-61.580595358149914
      -7.410821877330996
      -10.009071226859687
       0.000000000000000
       0.000000000000000
       -9.987550507419133
    -0.014473835903318
    -0.176890246723779
        0.000000000000000
      -9.944042952440439
        0.000000000000000
       0.000000000000000
       -0.000000000000000
     0.000000000000000
     -9.875876065926128
       -1.231685872788711
      -2.977227202971528
       -1.822241058022723
      -1.471788274313766
        0.000000000000000
    -5.300202953839792
    -1.231685872788712
       -2.977227202971529
       1.822241058022724
       -1.471788274313766
       0.000000000000001
       -1.067166014696110
    -5.300202953839793
