 29.003199945539588
      -0.168010939316492
     0.808127954930347
        0.000000000000000
      0.000000000000000
     2.528731198194763
       0.000000000000000
    
-0.000000000000000
       -0.000000000000000
     2.528731198194763
       -0.000000000000000
      0.000000000000000
     0.000000000000000
      -0.000000000000000
       2.528731198194763
       -0.008416383544591
     0.070517372751001
        0.147090913304052
      0.114920016354202
    -0.000000000000000
       0.760031883566609
       -0.008416383544591
        0.070517372751002
    -0.147090913304052
        0.114920016354202
     -0.000000000000000
    -0.003979868621841
       0.760031883566609
