 1.000000000000000
       0.236703936510848
      1.000000000000000
      -0.000000000000000
       0.000000000000000
       1.000000000000000
       -0.000000000000000
     -0.000000000000000
      -0.000000000000000
      1.000000000000000
      -0.000000000000000
       0.000000000000000
       0.000000000000000
       -0.000000000000000
       1.000000000000000
       0.038405599785757
      0.386138840478249
       0.268438243716457
       0.209726941420375
      -0.000000000000000
        1.000000000000000
       0.038405599785757
       0.386138840478250
     -0.268438243716457
       0.209726941420375
      -0.000000000000000
       0.181759886298063
        1.000000000000000
